0.13045577704906464 
0.06529738241806626 
0.05508496658876538 
0.05281304242089391 
0.051028728019446135 
0.05021818960085511 
0.04830181645229459 
0.04717129189521074 
0.04398184176534414 
0.04251273302361369 
0.04234954295679927 
0.039601660799235106 
0.03940233401954174 
0.03455919330008328 
0.03697321657091379 
0.030916133429855108 
0.03159275813959539 
0.03408815432339907 
0.030358204850926995 
0.031047234311699867 
0.029676706064492464 
0.03041068115271628 
0.026696712477132678 
0.02685575163923204 
0.03176074963994324 
0.023544021416455507 
0.02909846161492169 
0.024660686030983925 
0.030210019554942846 
0.023181750439107418 
0.026836319593712687 
0.02583503909409046 
0.02575358236208558 
0.02537443395704031 
0.025353005388751626 
0.024691679747775197 
0.02461992739699781 
0.025954296812415123 
0.023428649874404073 
0.024860127363353968 
0.02119497291278094 
0.022852994268760085 
0.023695848183706403 
0.02177419327199459 
0.02292773500084877 
0.024101417628116906 
0.022532555973157287 
0.021394518902525306 
0.022565125720575452 
0.02113691484555602 
0.02071674820035696 
0.02059730072505772 
0.019710540189407766 
0.02002438169438392 
0.0245676611084491 
0.021682171616703272 
0.02028201031498611 
0.019857040839269757 
0.020941818947903812 
0.017700743745081127 
0.01843815005850047 
0.022654782747849822 
0.021880723885260522 
0.020276970462873578 
0.02166919969022274 
0.02097270032390952 
0.018643339979462326 
0.019060542806982994 
0.020983640803024173 
0.01907728996593505 
0.020848580403253436 
0.021097023272886872 
0.01920871320180595 
0.01701129716821015 
0.01914511260110885 
0.01778215530794114 
0.01878683385439217 
0.019867859431542456 
0.020130070042796433 
0.01834106189198792 
0.019114341121166945 
0.017180385068058968 
0.018777423654682934 
0.01622838305775076 
0.017212572623975575 
0.018030036590062082 
0.018832996604032815 
0.017770699108950794 
0.017370644607581198 
0.01734796306118369 
0.01796223467681557 
0.01661928603425622 
0.018242457299493253 
0.02092773630283773 
0.018756544799543917 
0.016724369022995234 
0.016619617235846817 
0.016717388527467847 
0.01714271563105285 
0.01651926094200462 
0.01719465188216418 
0.016903175855986774 
0.015767378732562065 
0.01684241706971079 
0.017563438741490245 
0.015751242288388312 
0.01578181574586779 
0.01668672077357769 
0.01658999570645392 
0.017508282442577183 
0.015239573316648602 
0.016843187855556607 
0.015562369138933718 
0.014709339127875865 
0.014267218415625393 
0.01685545383952558 
0.015068624983541667 
0.016776775009930134 
0.01644834829494357 
0.01571694458834827 
0.01597610127646476 
0.015770336030982435 
0.01657104108016938 
0.017942812759429216 
0.017358514829538763 
0.01573165156878531 
0.016248591127805412 
0.015743999974802136 
0.015624915948137641 
0.014240896212868392 
0.013641116209328175 
0.012851443490944803 
0.01605301001109183 
0.014824540121480823 
0.014182888087816536 
0.014960324740968645 
0.016754634212702513 
0.016083861351944506 
0.014643704984337091 
0.015030216076411307 
0.015054505201987922 
0.014777068514376879 
0.013946219347417355 
0.01629354408942163 
0.015532241901382804 
0.014107161317951977 
0.014690694748423994 
0.01677263167221099 
0.01298396207857877 
0.014455185737460852 
0.014641012414358556 
0.01521291711833328 
0.015061086043715477 
0.01537533791270107 
0.014135362347587943 
0.013492133119143546 
0.013631281210109591 
0.013571237097494304 
0.013759277760982513 
0.013342886581085622 
0.015146858990192413 
0.012361212400719523 
0.01382325030863285 
0.01510355609934777 
0.01513770071323961 
0.013125792727805674 
0.012465355568565428 
0.014419428305700421 
0.014241902390494943 
0.013145371107384562 
0.013120244722813368 
0.01490407926030457 
0.014212965499609709 
0.013004815089516342 
0.01435005129314959 
0.012877389206551015 
0.013639586279168725 
0.013356404262594879 
0.013788439566269517 
0.012372438330203295 
0.01215455832425505 
0.01201557891909033 
0.013904573046602309 
0.013933910871855915 
0.013537237886339426 
0.012843460543081164 
0.012454578303731978 
0.011920729768462479 
0.015172988991253078 
0.01451867027208209 
0.013669059379026294 
0.012591157108545303 
0.01358553406316787 
0.013913199654780328 
0.01245774666313082 
0.01134116214234382 
0.013285093824379146 
0.01301849982701242 
0.012922631460241973 
0.012106599984690547 
0.011950967367738485 
0.014445538748987019 
0.012744283536449075 
0.012802563374862075 
0.012423002510331571 
0.014948290539905429 
0.012353541795164347 
0.011613238952122629 
0.012402234133332968 
0.014160669292323291 
0.013534133904613554 
0.01389743248000741 
0.012381246662698686 
0.012928275624290109 
0.013228166848421097 
0.011203651782125235 
0.013232132652774453 
0.011934844951611012 
0.011586868204176426 
0.011641074670478702 
0.013140704715624452 
0.013223776477389038 
0.013783494825474918 
0.013097216258756816 
0.012881848961114883 
0.011997686000540853 
0.011987762176431715 
0.012733723502606153 
0.01347412378527224 
0.012259624432772398 
0.011788584175519645 
0.0118995257653296 
0.012369435164146125 
0.01305882033193484 
0.01119337766431272 
0.010705998516641557 
0.0124249670188874 
0.012384495814330876 
0.012015723390504718 
0.01222220715135336 
0.01227676891721785 
0.011380054173059762 
0.012845302117057145 
0.011556187295354903 
0.011036608542781323 
0.012787287239916623 
0.012134120683185756 
0.010499891242943704 
0.01296536240261048 
0.011692223488353193 
0.01082187402062118 
0.010442749655339867 
0.011580263788346201 
0.01093478687107563 
0.011830628733150661 
0.011822562664747238 
0.010630138567648828 
0.01222526270430535 
0.011194580816663802 
0.01090843917336315 
0.009723216469865292 
0.0106753600994125 
0.011668255436234176 
0.01104371971450746 
0.011858214507810771 
0.011256733094342053 
0.013630799832753837 
0.01059699710458517 
0.012296116445213556 
0.012814681394957006 
0.012860910850577056 
0.012303430470637977 
0.011343532358296216 
0.012262793257832527 
0.011668841703794897 
0.009815378405619413 
0.009801080683246255 
0.010123720509000123 
0.011510750045999885 
0.012096635182388127 
0.012132570147514343 
0.009854533651378006 
0.009564332664012909 
0.011074802838265896 
0.010421021725051105 
0.010405205481220037 
0.011262707528658211 
0.01112774049397558 
0.010861037415452302 
0.010298201348632574 
0.010891277808696032 
0.0109219488222152 
0.010881096764933318 
0.010805929778143764 
0.013665931881405413 
0.010043597023468465 
0.010057471285108477 
0.01010526140453294 
0.010844018659554422 
0.010773236164823174 
0.010967392474412918 
0.0106338377809152 
0.011010438087396324 
0.0096962486859411 
0.011345471371896565 
0.010615368955768645 
0.010750436806119978 
0.009965854114852846 
0.010090221941936761 
0.01146939059253782 
0.010309749690350145 
0.01092299201991409 
0.010953142656944692 
0.010691962030250579 
0.010076818289235234 
0.010481831151992083 
0.009854498028289527 
0.010489071428310126 
0.009623120306059718 
0.010032719757873565 
0.010192859102971852 
0.009638628223910928 
0.010877549299038947 
0.00976162136066705 
0.011515907594002783 
0.01015858887694776 
0.009867186134215444 
0.009888997476082295 
0.009952098713256419 
0.01014463632600382 
0.009971873892936856 
0.010983947780914605 
0.009474091522861272 
0.010013363673351705 
0.009546596207655966 
0.009954711131285876 
0.009437888744287193 
0.008999282494187355 
0.008881930203642696 
0.009463910129852593 
0.010479974560439587 
0.01127836899831891 
0.010486691608093679 
0.009928940678946674 
0.009473901416640729 
0.009179485379718244 
0.00960834720171988 
0.009687238954938948 
0.008459484612103552 
0.009781318658497185 
0.010281499242410064 
0.00930803531082347 
0.009808752860408276 
0.009657665446866304 
0.009654944879002869 
0.009595220210030675 
0.010008958808612078 
0.008637429738882929 
0.010137405421119183 
0.010448094108141959 
0.009875495219603181 
0.009067142498679459 
0.009348334860987961 
0.009774472331628203 
0.009164156101178378 
0.00950884452322498 
0.009324353479314595 
0.009724799310788512 
0.010495402151718736 
0.00853920035297051 
0.010049142118077725 
0.009996766224503517 
0.009796178550459445 
0.008662564447149634 
0.010787743958644569 
0.009531899355351925 
0.010009969933889806 
0.009933052817359567 
0.009698285604827106 
0.010764558450318873 
0.008250259619671851 
0.008293333172332495 
0.00879893806995824 
0.008509189821779728 
0.010082870605401695 
0.009636256843805313 
0.009408563026227057 
0.010544618766289204 
0.010952204756904393 
0.00907452858518809 
0.008533256186638027 
0.009083804849069566 
0.009393490094225854 
0.00920427351957187 
0.01064526109257713 
0.009315453062299639 
0.009533331030979753 
0.008429642883129418 
0.008944422181230038 
0.009551367489621043 
0.008312436286360025 
0.009186978335492313 
0.00883159099612385 
0.008805563091300428 
0.011471062432974577 
0.008907162235118449 
0.008876326493918896 
0.00870791747001931 
0.010029113676864654 
0.008341328357346356 
0.0092231803573668 
0.00868153537157923 
0.009297305368818343 
0.008905639057047665 
0.008077483507804573 
0.009894280228763819 
0.009583381761331111 
0.008428449393250048 
0.008852312341332436 
0.008586222771555185 
0.009045951766893268 
0.008347497205249965 
0.009160076850093901 
0.008765902428422123 
0.009844684624113142 
0.008927044575102627 
0.008897303661797196 
0.008893415099009871 
0.008760688418988138 
0.008352488279342651 
0.008768883533775806 
0.008890273456927389 
0.008447078173048794 
0.00843372824601829 
0.009221547865308821 
0.008349591633304954 
0.008676732541061938 
0.009004799474496394 
0.008970754803158343 
0.00922848767368123 
0.008874329912941903 
0.008365885529201478 
0.009179516171570867 
0.008352731412742287 
0.008822028175927699 
0.008852554426994175 
0.008002358488738537 
0.008961773826740682 
0.00839489564532414 
0.008643989393021911 
0.0077841130550950766 
0.008906427770853043 
0.010467264510225505 
0.010812761378474534 
0.00834141077939421 
0.008948788628913462 
0.008459754753857851 
0.008927928982302547 
0.008636521524749696 
0.00920397014124319 
0.008311015379149467 
0.008406858542002738 
0.008296825748402625 
0.008356586447916925 
0.007899980177171528 
0.00806166126858443 
0.00815227342536673 
0.008898234518710524 
0.008755298738833517 
0.008386151166632771 
0.008792702399659902 
0.00841556116938591 
0.007646730577107519 
0.008012993610464036 
0.008841185306664556 
0.007757684797979891 
0.009358940355014056 
0.008042106812354177 
0.007597476709634066 
0.007597992545925081 
0.008246655517723411 
0.008494093781337142 
0.008629174146335572 
0.007909353589639068 
0.007150411431211978 
0.007573496375698596 
0.007831967843230814 
0.00865567335858941 
0.008076498575974256 
0.008201627875678241 
0.006687687826342881 
0.007473099511116743 
0.007181105844210833 
0.00790314783807844 
0.008945063163992018 
0.007591952395159751 
0.00860886019654572 
0.00781851401552558 
0.008345157082658261 
0.008383084728848189 
0.007933131651952863 
0.008596469997428358 
0.007481196487788111 
0.00796234724111855 
0.007679009810090065 
0.007270276139024645 
0.008008204109501094 
0.007255342148710042 
0.00813394965371117 
0.007922896766103804 
0.008097397454548627 
0.007879101729486138 
0.007939956500194967 
0.007764886657241732 
0.00741279247449711 
0.007453610596712679 
0.007350463478360325 
0.008909787517040968 
0.008512373198755085 
0.008967158617451787 
0.00875507277669385 
0.008713753544725478 
0.007882445119321346 
0.008195363800041378 
0.007676263863686472 
0.007175221107900143 
0.007481384964194149 
0.008068161376286298 
0.00768269068794325 
0.00871992390602827 
0.008154637238476425 
0.007865999243222177 
0.006916092592291534 
0.008674078853800893 
0.009014533250592649 
0.007311330584343523 
0.0069915668573230505 
0.007124379277229309 
0.007845274813007563 
0.007401726325042546 
0.007031788758467883 
0.008231548999901861 
0.008497014350723475 
0.007539244426880032 
0.006633078388404101 
0.007866640691645443 
0.006912553042639047 
0.007619234791491181 
0.007382102310657501 
0.007904037309344858 
0.007664046424906701 
0.007929641986265779 
0.0075686260825023055 
0.007872078218497336 
0.00825666222954169 
0.007222477521281689 
0.008819279668387026 
0.007183568959590048 
0.00791666138684377 
0.008230784093029797 
0.008093075535725802 
0.007051965047139674 
0.007263943261932582 
0.008847918070387095 
0.006806076504290104 
0.00695654092123732 
0.007439017528668046 
0.007184503425378352 
0.008053821977227926 
0.00866312743164599 
0.00711863802280277 
0.007190156902652234 
0.007426692172884941 
0.007802552601788193 
0.007356001588050276 
0.007653509266674519 
0.0075508131412789226 
0.00830133311683312 
0.006804453150834888 
0.007683485222514719 
0.006851190293673426 
0.006436886091250926 
0.007834715535864234 
0.007253081654198468 
0.007402066548820585 
0.007476400176528841 
0.007398737070616335 
0.0076710034045390785 
0.006956522644031793 
0.007280916965100914 
0.0067566740908659995 
0.007130341429729015 
0.006751945416908711 
0.007648503931704909 
0.008241379458922893 
0.00799503200687468 
0.007950137194711715 
0.0069265098427422345 
0.006772212742362171 
0.00733485072851181 
0.006311179487966001 
0.007243835250847042 
0.008145723666530102 
0.007663134718313813 
0.007762634370010346 
0.007956614077556878 
0.007529228809289634 
0.00701934116659686 
0.006949455593712628 
0.007429595338180661 
0.006386421271599829 
0.006159757787827402 
0.007125870906747878 
0.006387548695784062 
0.0075997180538252 
0.007200939522590488 
0.0073936060653068125 
0.0071704809670336545 
0.0069867337006144226 
0.006752039480488747 
0.006754482164978981 
0.007827010820619762 
0.0074239145033061504 
0.0064472584635950625 
0.007631704676896334 
0.007712985505349934 
0.007170246972236782 
0.007251608592923731 
0.00804212415823713 
0.006605835864320397 
0.007026758859865367 
0.007774188707116991 
0.007239633589051664 
0.006909047835506499 
0.00652028078911826 
0.00770024408120662 
0.007385353732388467 
0.006744468060787767 
0.006906895083375275 
0.006896796461660415 
0.0077086519449949265 
0.007237569952849299 
0.007156928186304867 
0.00749622198054567 
0.00659011141397059 
0.007661067473236471 
0.007772780489176512 
0.006711589812766761 
0.007007371343206614 
0.007232152041979134 
0.007030111271888018 
0.006992288050241768 
0.007243520754855126 
0.006862640497274697 
0.00653603853425011 
0.0061362917185761034 
0.006870047305710614 
0.007101951166987419 
0.00665561092318967 
0.006366784276906401 
0.00779660401167348 
0.00756995560368523 
0.006653050368186086 
0.006739552074577659 
0.006759450945537537 
0.006457199284341186 
0.007218915794510394 
0.007108696561772376 
0.006269149307627231 
0.006259059184230864 
0.006680099293589592 
0.0062234767829068005 
0.0060168622294440866 
0.006720880453940481 
0.006838287634309381 
0.00638644234277308 
0.006680538936052471 
0.007225018867757171 
0.006896279868669808 
0.006374954420607537 
0.006636468751821667 
0.0064478853601031005 
0.006688232533633709 
0.006830030877608806 
0.006532034138217568 
0.007919964613392949 
0.007827386783901602 
0.006544799776747823 
0.007046708196867257 
0.0062265326851047575 
0.0060802746447734535 
0.006837580818682909 
0.007845234358683228 
0.006258276698645204 
0.006249140133149922 
0.006888582720421255 
0.006847502838354558 
0.0071142008528113365 
0.005848476372193545 
0.00640199874760583 
0.006545566720888019 
0.00550678267609328 
0.006430575856938958 
0.007654166663996875 
0.0063474763301201165 
0.005947892146650702 
0.00668229564325884 
0.0063008779543451965 
0.006877513194922358 
0.0066087860614061356 
0.006798586284276098 
0.0074113981681875885 
0.00618850311730057 
0.0062230321345850825 
0.005999264831189066 
0.006281471170950681 
0.005661770119331777 
0.006059656909201294 
0.006536521657835692 
0.0071899465983733535 
0.0068458442110568285 
0.006966870161704719 
0.007267226406838745 
0.0066952696070075035 
0.0071308190817944705 
0.006793698470573872 
0.007527780660893768 
0.0064978894661180675 
0.0064678185153752565 
0.00713266187813133 
0.006474699068348855 
0.006432635826058686 
0.006831626466009766 
0.007475559483282268 
0.006852819875348359 
0.005941689247265458 
0.006846779782790691 
0.0059014930739067495 
0.006404762156307697 
0.006118415331002325 
0.005766012647654861 
0.006893811165355146 
0.0063185765175148845 
0.007509300310630351 
0.00672169285826385 
0.0072497823857702315 
0.005767877388279885 
0.0061483727768063545 
0.006182514829561114 
0.0070709073334001005 
0.007190086878836155 
0.00710656464798376 
0.006564668845385313 
0.00647491222480312 
0.006505277124233544 
0.0059462271456141025 
0.006268658791668713 
0.006091010931413621 
0.006169242551550269 
0.006060331128537655 
0.005950537160970271 
0.00654710124945268 
0.006375078111886978 
0.006312900222837925 
0.00610643980326131 
0.0064043920137919486 
0.006611503195017576 
0.006347774353343993 
0.006460319273173809 
0.006215971487108618 
0.006488267565146089 
0.006771127053070813 
0.006306319613941014 
0.006133294140454382 
0.0062750632641837 
0.0062908370746299624 
0.0063007985590957105 
0.005616303125862032 
0.006167365820147097 
0.005980934191029519 
0.005741564789786935 
0.0067502305610105395 
0.005869368964340538 
0.0069849148858338594 
0.006296999752521515 
0.006921736407093704 
0.00672758201835677 
0.006440325523726642 
0.006531268998514861 
0.006476706708781421 
0.006335752026643604 
0.007297175587154925 
0.005867667030543089 
0.007274001312907785 
0.005338540184311569 
0.006193633831571788 
0.006601569300983101 
0.0071183592663146555 
0.006748873624019325 
0.005860139965079725 
0.005599788099061698 
0.00610863056499511 
0.005944106436800212 
0.0063939596293494105 
0.005748220719397068 
0.006139660195913166 
0.0061304676928557456 
0.006151740264613181 
0.006096364406403154 
0.006070392671972513 
0.006595579092390835 
0.006652775569818914 
0.006554910447448492 
0.005622735188808292 
0.006252654013223946 
0.005696927837561816 
0.0055511530372314155 
0.005911823594942689 
0.0060240161255933344 
0.006268077646382153 
0.005823045503348112 
0.006718676595482975 
0.006178211537189782 
0.005588014842942357 
0.005945463140960783 
0.006581796915270388 
0.005745284375734627 
0.005941433075349778 
0.006137682474218309 
0.006400737562216818 
0.006081954692490399 
0.005799322563689202 
0.006559709261637181 
0.007376403489615768 
0.005817063385620713 
0.006055174802895635 
0.005911959044169635 
0.006148371903691441 
0.006333374825771898 
0.00592611386673525 
0.0055154088768176734 
0.0061346544534899294 
0.005594650865532458 
0.006097907666116953 
0.006265697942581028 
0.005487366550369188 
0.006044475012458861 
0.005632289219647646 
0.005442997440695763 
0.00703455857001245 
0.0056933265295811 
0.006131850590463728 
0.0064897346892394125 
0.005774153454694897 
0.005503521591890603 
0.00601791957160458 
0.006007314135786146 
0.006469045125413686 
0.006033313635271043 
0.006145730207208544 
0.0056141678360290825 
0.0065683635184541345 
0.005850734421983361 
0.006125375279225409 
0.005762748303823173 
0.006039426079951227 
0.005500169296283275 
0.00598739756969735 
0.0054180163715500385 
0.00647868646774441 
0.005021791788749397 
0.0056623113341629505 
0.005526609893422574 
0.005931908905040473 
0.006508446356747299 
0.005644483317155391 
0.005942988209426403 
0.006411099748220295 
0.005891726177651435 
0.005858574353624135 
0.006208906415849924 
0.006306726369075477 
0.0053367443615570664 
0.0063313195132650435 
0.005549066758248955 
0.006070269795600325 
0.006143325357697904 
0.005978137050988153 
0.005482453037984669 
0.005916234047617763 
0.00670598354190588 
0.005915361980441958 
0.005722837813664228 
0.005878753960132599 
0.005469720286782831 
0.005389215832110494 
0.0059260232374072075 
0.005628709273878485 
0.0054090016055852175 
0.005627599079161882 
0.00559673021780327 
0.005586378334555775 
0.005584396974882111 
0.005463395034894347 
0.005476968013681471 
0.005726602976210415 
0.005656485038343817 
0.006211246596649289 
0.0058978257002308965 
0.005996981752105057 
0.005408408760558814 
0.006313006451819092 
0.005436637729872018 
0.005965494958218187 
0.00557629979448393 
0.006516004679724574 
0.0064018069533631206 
0.005332813772838563 
0.005695614847354591 
0.00561726643354632 
0.005900326184928417 
0.005491046700626612 
0.006156409333925694 
0.005538749857805669 
0.006206757097970694 
0.00609349284786731 
0.005641559604555368 
0.006205649522598833 
0.00529867090517655 
0.005751637683715671 
0.005607854051049799 
0.0056037112371996045 
0.005838831537403166 
0.0055754592176526785 
0.006333159457426518 
0.005857142677996308 
0.005880593846086413 
0.005941872834227979 
0.005918097391258925 
0.005330367770511657 
0.005470236006658524 
0.005672388477250934 
0.00557494378881529 
0.005510699062142521 
0.005682449729647487 
0.005235209071543068 
0.006314288824796677 
0.006141268124338239 
0.005717709951568395 
0.006099915073718876 
0.005377589492127299 
0.0063941809348762035 
0.006941483123227954 
0.005349271115846932 
0.005536486685741693 
0.005241570179350674 
0.005396513908635825 
0.006492491520475596 
0.006526513316202909 
0.005063570599304512 
0.0058372452622279525 
0.00560483947629109 
0.005263416736852378 
0.005446661671157926 
0.005428024509456009 
0.005398714856710285 
0.006067051261197776 
0.00616413977695629 
0.0052587424870580435 
0.005890196160180494 
0.005471886659506708 
0.005424171744380146 
0.005716848390875384 
0.005617421702481806 
0.005174274323508143 
0.005291081266477704 
0.005766024813055992 
0.006088537396863103 
0.005395263608079404 
0.00637688220012933 
0.005872489186003804 
0.005773721961304545 
0.006274442479480058 
0.005743065965361893 
0.0051834810874424875 
0.005271491943858564 
0.004913220967864618 
0.00534914102172479 
0.005552779708523303 
0.005687867116648704 
0.006171726854518056 
0.005106514872750267 
0.005579764605499804 
0.006200206582434475 
0.005738513893447816 
0.005368550540879369 
0.0058174318401142955 
0.00551129988161847 
0.005236491211690009 
0.0057331452262587845 
0.0064111772808246315 
0.005440335720777512 
0.005720381042920053 
0.005148566502612084 
0.006066851958166808 
0.005846484040375799 
0.006122622464317828 
0.005602963035926223 
0.0052474866970442235 
0.0053327372297644615 
0.004741481418022886 
0.005624449753668159 
0.005799830571049824 
0.005471508717164397 
0.00512286729644984 
0.005276701529510319 
0.005422251590061933 
0.0047677392431069165 
0.005767158814705908 
0.005016750830691308 
0.0051124803139828146 
0.00530099228490144 
0.0052235673065297306 
0.0049085430218838155 
0.004395147116156295 
0.005512823176104575 
0.005686473974492401 
0.004669373505748808 
0.004941190214594826 
0.0047606574080418795 
0.004847677220823243 
0.005219645390752703 
0.005254620686173439 
0.005347267200704664 
0.005259582365397364 
0.0048352182493545115 
0.005160256027011201 
0.005027607432566583 
0.00495366842369549 
0.004842616093810648 
0.00505021057324484 
0.005001307697966695 
0.004472110536880791 
0.004620548541424796 
0.004631601856090128 
0.004625329922419041 
0.004724532685941085 
0.005330309417331591 
0.004765161487739533 
0.00483619119040668 
0.005034182744566351 
0.004254056315403432 
0.004116066062124446 
0.004560671543003991 
0.004717614880064502 
0.0046018150460440665 
0.0044494316971395165 
0.004853142716456205 
0.005326297716237605 
0.004499893344473094 
0.00452623565797694 
0.004289397766115144 
0.005072994768852368 
0.005539689213037491 
0.005432213860331103 
0.004801886156201363 
0.005067017744295299 
0.004255172098055482 
0.004916127072647214 
0.004924688983010128 
0.00433549756417051 
0.0044953923497814685 
0.00455044602858834 
0.004171414446318522 
0.00417310930788517 
0.004516353568760678 
0.004582858266076073 
0.004227284749504179 
0.00461926162824966 
0.004477220500120893 
0.005264702049316838 
0.004573514714138582 
0.004345474852016196 
0.00467242015292868 
0.004586603870848194 
0.004446403734618798 
0.004285345610696822 
0.004558208747766912 
0.00395698330248706 
0.004012281686300412 
0.004272910940926522 
0.004209564707707614 
0.00459039569250308 
0.004682982340455055 
0.0039856577350292355 
0.004174343193881214 
0.003958679502829909 
0.004797116154804826 
0.003989888034993783 
0.004053854499943554 
0.00428756614564918 
0.004256396321579814 
0.004049348295666277 
0.004777284397277981 
0.004851835314184427 
0.004022200533654541 
0.0045822142565157264 
0.004578233900247142 
0.0036927058827131987 
0.00399915233720094 
0.003983003698522225 
0.003745495603652671 
0.004311328404583037 
0.004118723620194942 
0.0039957867411430925 
0.0037814651732333004 
0.004237332148477435 
0.005342517019016668 
0.004300135216908529 
0.003859231568640098 
0.004159018601058051 
0.004707734187832102 
0.003958814544603229 
0.004614974255673587 
0.0038460605428554118 
0.0039480485720559955 
0.0043917978764511645 
0.003828979912213981 
0.004094019706826657 
0.0041950608137995005 
0.003842854901449755 
0.00413094405666925 
0.004138910473557189 
0.004100056743482128 
0.004190179868601263 
0.004534879291895777 
0.0038859294436406344 
0.003646219993242994 
0.004436343035195023 
0.003847833548206836 
0.004239810165017843 
0.004189479193883017 
0.0038894421595614403 
0.003831853420706466 
0.004130772373173386 
0.0036918374535162 
0.003866094892146066 
0.0039717324543744326 
0.0036308098933659494 
0.0043689698504749686 
0.003839626209810376 
0.004400788602652028 
0.0036424653080757707 
0.0037395828985609114 
0.004346160450950265 
0.004036768950754777 
0.004172521410509944 
0.0038233743980526924 
0.003854790120385587 
0.0036558872379828244 
0.004093687603017315 
0.0038161689590197057 
0.004033926496049389 
0.003912147163646296 
0.0038794299762230366 
0.0037395775434561074 
0.0035707811475731432 
0.0035708362120203674 
0.004079902195371687 
0.003558013617293909 
0.0037226714193820953 
0.0036032060743309557 
0.004827185970498249 
0.004546763520920649 
0.003945570206269622 
0.0035342840710654855 
0.003471534058917314 
0.0037802810256835073 
0.003778487560339272 
0.003542550461133942 
0.00352313497569412 
0.004238030902342871 
0.0033915840031113476 
0.0036236356827430427 
0.0034424467594362795 
0.0038892320881132036 
0.003518748184433207 
0.003872957226121798 
0.003695203806273639 
0.004239635512931272 
0.003529878507833928 
0.0034195292682852596 
0.0033909545454662293 
0.003815847827354446 
0.003806801134487614 
0.003438261046539992 
0.003529636684106663 
0.003551301604602486 
0.003711640019901097 
0.003393126680748537 
0.0035918883804697543 
0.003352693107444793 
0.0035050265723839402 
0.0036478196852840483 
0.0036612157127819955 
0.00376316174515523 
0.0036741537624038756 
0.0035944282135460526 
0.0032930825545918196 
0.003290383843705058 
0.0032918218639679253 
0.0034287500311620533 
0.003749991039512679 
0.0033104325411841273 
0.0036298971972428262 
0.003701150679262355 
0.0036903620639350265 
0.0036313701421022415 
0.00327983166789636 
0.004129334382014349 
0.0033323255483992398 
0.003536224743584171 
0.0032591368653811514 
0.003364163567312062 
0.0030800160893704742 
0.003169792122207582 
0.003414137609070167 
0.003550466150045395 
0.003597395261749625 
0.0037162860098760575 
0.0032604199077468365 
0.003636663983343169 
0.0033052168728318065 
0.0033040272537618876 
0.00317149719921872 
0.003151242097374052 
0.0035605883167590946 
0.003357216133736074 
0.0033776595373637974 
0.003453780518611893 
0.0035883152449969202 
0.0031321308633778244 
0.003297916875453666 
0.0033941624278668314 
0.003350388433318585 
0.0033048760960809886 
0.003176978905685246 
0.0032548186427447945 
0.003252814873121679 
0.0035732673131860793 
0.003303444624179974 
0.0032514586637262255 
0.003237462748074904 
0.0031935976003296673 
0.003223982668714598 
0.0034629057918209583 
0.0033278869523201138 
0.0030820269603282213 
0.003293907211627811 
0.003360501112183556 
0.003561089310096577 
0.003092329134233296 
0.0033509927161503583 
0.002980659803142771 
0.003117219021078199 
0.0031963762594386935 
0.003234933246858418 
0.0030946802289690822 
0.0030232691788114607 
0.002963955805171281 
0.002998206706251949 
0.0035085248528048396 
0.0031887541990727186 
0.0032511460303794593 
0.0032360029872506857 
0.0034479960158932954 
0.003357466426678002 
0.003308445680886507 
0.003131190867861733 
0.0033155492565128952 
0.0029701267776545137 
0.002952153532532975 
0.002948149194708094 
0.0029887579730711877 
0.003099162131547928 
0.0029230511863715947 
0.0030548882205039263 
0.003131544217467308 
0.0031332844228018075 
0.0030688627739436924 
0.0031386869377456605 
0.0034086868399754167 
0.003635644185123965 
0.0030581874307245016 
0.0034761623828671873 
0.0032110755564644933 
0.0028650034801103175 
0.002966463565826416 
0.003254714159993455 
0.0033906270982697606 
0.0031625602568965405 
0.003221002931240946 
0.0031718016252852976 
0.0031236820796038955 
0.003318212868180126 
0.003106294898316264 
0.002945166314020753 
0.0031061849440447986 
0.0030215684382710606 
0.0029486242565326393 
0.003247703716624528 
0.002829751610988751 
0.003002869081683457 
0.003043312724912539 
0.0028933309949934483 
0.0029880326183047146 
0.002965604595374316 
0.0030667534738313407 
0.0029665973561350256 
0.002925054999650456 
0.0027168734231963754 
0.0030309377470985055 
0.0032584667205810547 
0.0028718083340208977 
0.00280246592592448 
0.0030219574400689453 
0.0031467008229810745 
0.002991280722199008 
0.0030723121599294245 
0.0027460888086352497 
0.003004467173013836 
0.0030369792657438666 
0.003264165628934279 
0.0028000989404972643 
0.0029301612521521747 
0.0029939310043118894 
0.002831079182215035 
0.002790691767586395 
0.002806580683682114 
0.0028266432927921414 
0.0028319235134404153 
0.0025974274321924895 
0.002824324445100501 
0.003267845750087872 
0.0031306887685786933 
0.002882618486182764 
0.002747394231846556 
0.0029840131755918264 
0.002893840370234102 
0.0029478476499207318 
0.003062909352593124 
0.0027989861846435815 
0.002758640650426969 
0.002918280166340992 
0.0029208275955170393 
0.0029053650505375117 
0.002772779029328376 
0.0029982595588080585 
0.0029374623263720423 
0.0027998605219181627 
0.002625923982122913 
0.0029270753730088472 
0.003077424509683624 
0.0028188607248011976 
0.0025791787484195083 
0.0027227994287386537 
0.0030190695833880454 
0.0029067608120385557 
0.0029897713102400303 
0.003152026067255065 
0.0027055036334786564 
0.002748672297457233 
0.0030525305483024567 
0.0029688372160308063 
0.0029446456755977124 
0.00275668891845271 
0.003230785980122164 
0.0027390426257625222 
0.0028596182237379253 
0.002757698210189119 
0.0029537583759520203 
0.0033360313973389566 
0.002710750442929566 
0.0025410170201212168 
0.002849317417712882 
0.0026986028533428907 
0.0030731571605429053 
0.002869576448574662 
0.002700239419937134 
0.0025434329581912607 
0.002797609369736165 
0.0025311836798209697 
0.002659688499988988 
0.002692605776246637 
0.0027059063140768558 
0.0030276331526692957 
0.002749128732830286 
0.0026638474664650857 
0.002777214627712965 
0.0026156069070566446 
0.0024133199331117794 
0.002772773033939302 
0.0028875308053102344 
0.0027550272352527827 
0.0027888805198017508 
0.002733705361606553 
0.0026769947726279497 
0.0026262222963850945 
0.002964918239740655 
0.002664381347130984 
0.003065433003939688 
0.0030274749151431024 
0.0028583316307049245 
0.0027986167115159333 
0.0027823127165902406 
0.002555626444518566 
0.0028031456749886274 
0.002633443335071206 
0.002436888840747997 
0.0028894839342683554 
0.0025566866534063593 
0.0025158062344416976 
0.0026423106028232723 
0.0028122636140324175 
0.0027388762100599706 
0.002666548447450623 
0.0026557781384326518 
0.0029221698350738734 
0.002757224254310131 
0.002587731374660507 
0.0028119319467805326 
0.0026776143349707127 
0.0026960339746437967 
0.0027178103337064385 
0.0027367855072952807 
0.00262186344480142 
0.002634021482663229 
0.0025851073733065277 
0.0027374588244128972 
0.0028324038721621037 
0.0028133924934081733 
0.0024033769441302866 
0.002625977882416919 
0.0026112963969353586 
0.0024898168921936303 
0.0025903359055519104 
0.0026552813651505858 
0.003001917735673487 
0.002694974376936443 
0.0025874669809127226 
0.002604537003207952 
0.002494502201443538 
0.00267489897669293 
0.002681108715478331 
0.002635075623402372 
0.002788748621242121 
0.0027658221661113203 
0.0026831423165276647 
0.0027347494033165276 
0.002412130299489945 
0.002435944741591811 
0.002624978340463713 
0.0024374657950829715 
0.002350868729990907 
0.0026695412525441498 
0.0025247286539524794 
0.0025499059702269733 
0.002411818510154262 
0.0024947533383965492 
0.0025692000635899603 
0.0024135948333423585 
0.0025934564182534814 
0.002740744617767632 
0.0027009086043108255 
0.0026569800393190235 
0.002593352663097903 
0.0027341237873770297 
0.0026139122201129794 
0.0025232650223188102 
0.0025515900342725217 
0.002592452976386994 
0.002403483144007623 
0.00237890932476148 
0.002358051366172731 
0.0026679937436711043 
0.0025270413898397237 
0.0024856795789673924 
0.0024189404502976686 
0.002516564854886383 
0.0024577987496741116 
0.0026736649160739034 
0.00241163486498408 
0.002573980193119496 
0.0024022296129260212 
0.0024705274117877707 
0.00238980317953974 
0.002703281817957759 
0.0026199236162938178 
0.0025718410324770957 
0.002753355773165822 
0.00247826318081934 
0.0023953163909027353 
0.0025352170050609857 
0.0025826670171227306 
0.002563165151514113 
0.002638271253090352 
0.002492973319021985 
0.0023196819238364697 
0.0023672633979003876 
0.002415751601802185 
0.002493475694791414 
0.002377810567850247 
0.0025197997747454792 
0.002422154531814158 
0.002603332221042365 
0.0026272230898030102 
0.0025533301813993603 
0.0028811047377530485 
0.0024651749117765576 
0.0025025032518897206 
0.002430204884149134 
0.0025585387484170496 
0.0024941899755503982 
0.002524423660361208 
0.002612543059512973 
0.0023722123296465725 
0.0024113014223985374 
0.002344417662243359 
0.0029729286616202444 
0.0023757952876621857 
0.0025068465038202703 
0.002377395358053036 
0.0023389932757709175 
0.0023488163569709286 
0.00237232017389033 
0.0024455948441755027 
0.002476315654348582 
0.002259544940898195 
0.002347823785385117 
0.0025226939760614187 
0.0023918857623357326 
0.0025869076926028356 
0.0022851958201499656 
0.0024543445324525237 
0.002465536497766152 
0.002490844635758549 
0.002492251107469201 
0.0025275856751250103 
0.002479167451383546 
0.0023418667988153175 
0.0024576084542786703 
0.002502907009329647 
0.0025213070039171726 
0.002290320146130398 
0.0026184004091192037 
0.0025157846976071596 
0.0024159041058737785 
0.0025962670042645186 
0.0029231595108285546 
0.002595406098407693 
0.0025111696450039744 
0.002995579270645976 
0.0024638362519908696 
0.00253434429760091 
0.002283683104906231 
0.0026157228858210146 
0.0022927597165107727 
0.0025145788822555915 
0.0023659686266910285 
0.002366875938605517 
0.0022901951015228406 
0.0022829712979728356 
0.0021418827382149175 
0.002462225907947868 
0.002346715657040477 
0.0024569115485064685 
0.0024155220889952034 
0.0023189481435110793 
0.0026688023936003447 
0.002391936141066253 
0.0025343707820866257 
0.002537474880227819 
0.002468814855092205 
0.0022161095403134823 
0.0025332806690130383 
0.002523103030398488 
0.002424706966849044 
0.002429308631690219 
0.0024343882250832394 
0.0024346991413040087 
0.0027864816947840154 
0.002533547638449818 
0.0024210820556618273 
0.002343354150070809 
0.002434684196487069 
0.002205807453719899 
0.0022689094621455297 
0.0022956461180001497 
0.0023932272742968053 
0.0023773405409883708 
0.002306748428964056 
0.002399164834059775 
0.0024389091704506427 
0.0023567297612316906 
0.0023056488862494007 
0.0022098722402006388 
0.0024113634863169864 
0.0027067455812357366 
0.0024580700701335445 
0.002511184211471118 
0.0024255864263977855 
0.0022533742885570973 
0.0023547947930637747 
0.00273937257588841 
0.0022749722556909546 
0.002261153858853504 
0.002341138562769629 
0.002471946063451469 
0.0023494290944654495 
0.0021987562358845025 
0.002373467752477154 
0.0023583329311804846 
0.002503928873920813 
0.002312020427780226 
0.002408334141364321 
0.002506399294361472 
0.002155367939849384 
0.002614080352941528 
0.002471508749295026 
0.0023952351475600153 
0.0023102401464711875 
0.0023568024480482563 
0.0023624746972927824 
0.002311368749360554 
0.002507686789613217 
0.002613722506794147 
0.002307469432707876 
0.002486026511178352 
0.002259753440739587 
0.002334353543119505 
0.0023704088816884905 
0.002416516072116792 
0.002515374100767076 
0.002292422257596627 
0.0023091608309186995 
0.00239083991618827 
0.002453663240885362 
0.0026960746909026057 
0.002491901337634772 
0.002293561163241975 
0.0021629018883686513 
0.0021849612094229087 
0.0022896703449077904 
0.00224600026558619 
0.002227766701253131 
0.0023108281166059896 
0.0022645296121481806 
0.0022589879808947444 
0.00223069847561419 
0.0022462078341050074 
0.0024754061741987243 
0.0021524623298319057 
0.002271032688440755 
0.002173253713408485 
0.0022888377570779994 
0.0023622058797627687 
0.0023817179317120463 
0.002349167945794761 
0.0022388161887647584 
0.002257327738334425 
0.002263634989503771 
0.00246426640660502 
0.0022819542209617794 
0.0022417061554733664 
0.002366661443375051 
0.0023702479084022343 
0.00239553811843507 
0.002210872495197691 
0.0021672927541658282 
0.0021974914270685986 
0.002269161370350048 
0.00216128931788262 
0.0023008909629425034 
0.002274483980727382 
0.0021511463273782283 
0.002743284319876693 
0.002410153450910002 
0.0023290932294912636 
0.002301540313055739 
0.0022571796871488914 
0.002227083721663803 
0.0023533705389127135 
0.0020677621650975198 
0.002262156820506789 
0.0022131300647743046 
0.002390595487668179 
0.0021810318139614537 
0.0022846973733976483 
0.0021628019312629476 
0.0022491691779578105 
0.002397583957645111 
0.0024982182367239147 
0.0023066551657393575 
0.0021710328001063317 
0.0022762662410968915 
0.0021593827987089753 
0.002312510390765965 
0.002165354206226766 
0.002185708610340953 
0.002127814994310029 
0.002369968977291137 
0.0024161814944818616 
0.002440928918076679 
0.002326891233678907 
0.002308910683495924 
0.0021727270068367943 
0.0022436908911913633 
0.002267060466692783 
0.0020601260766852647 
0.0021939441794529557 
0.0023755539004923776 
0.002502783667296171 
0.002168733233702369 
0.0023145603336161003 
0.002191577630583197 
0.0022275255614658818 
0.0020629075152100995 
0.0025207966682501137 
0.002415712602669373 
0.002202163261245005 
0.002232261045719497 
0.002158471179427579 
0.0021547022624872625 
0.002322828382602893 
0.0023837571789044887 
0.0021268442942528054 
0.002211979794083163 
0.0021486657351488248 
0.0022194799239514396 
0.002217987959738821 
0.0020884503319393843 
0.0022539660130860284 
0.002225928139523603 
0.0022371604427462444 
0.002106606450979598 
0.0021108668734086677 
0.0024470103962812573 
0.0021361205290304497 
0.0021739101357525215 
0.0021460280258907005 
0.0020838630880462006 
0.0023375650052912533 
0.0022007312800269574 
0.002226211203378625 
0.0023435579059878364 
0.002148947198293172 
0.002258396925753914 
0.002162226941436529 
0.002271819917950779 
0.002307126051164232 
0.0022964725794736296 
0.002209084515925497 
0.0021217082830844447 
0.00222183064033743 
0.002251959449495189 
0.0020650418155128136 
0.002296210950589739 
0.0023624578025192022 
0.002117508993251249 
0.00220456016540993 
0.002231563994428143 
0.0022310404310701415 
0.002320796367712319 
0.002185945355449803 
0.0022107216209406033 
0.002239608278614469 
0.002391490153968334 
0.002191419727751054 
0.002203813215601258 
0.0021293802128639072 
0.0022327110928017646 
0.002085127023747191 
0.0024752809258643538 
0.002084174193441868 
0.002125013663317077 
0.002341119004995562 
0.0021451066131703556 
0.0021372743358369917 
0.002130309250787832 
0.0021849413897143677 
0.002116971940267831 
0.0021684574167011306 
0.0020429854484973475 
0.0021478505223058164 
0.002150750151486136 
0.00216927683504764 
0.002414657355984673 
0.002276397295645438 
0.0022164386900840327 
0.002115544630214572 
0.0021858121181139722 
0.0022190454619703814 
0.002115505500114523 
0.002213817191659473 
0.0022064567456254736 
0.0020447998394956812 
0.0022667420271318406 
0.0021915677352808416 
0.0021271396399242803 
0.002129272688762285 
0.002160559262847528 
0.0020646425837185234 
0.0021529941295739263 
0.002034713077591732 
0.0022389212244888768 
0.0021311152959242463 
0.0023221340670716017 
0.002139091637218371 
0.0022011823166394606 
0.0022275953233474866 
0.002099528006510809 
0.002259883505757898 
0.002157317372621037 
0.002118697462719865 
0.0021782707917736843 
0.0021661977662006393 
0.0021942245512036607 
0.0022372318198904395 
0.002308472088770941 
0.002056525379884988 
0.0020723195775644854 
0.0022771197982365265 
0.002222177412477322 
0.0021928677306277677 
0.002056128272670321 
0.002077801778796129 
0.0021991999965393916 
0.002198949150624685 
0.0023841045767767355 
0.0022907162201590836 
0.0020417171908775344 
0.0021430204214993864 
0.00209249509498477 
0.0021261815272737294 
0.00213653186801821 
0.0024867882166290656 
0.0021072073723189533 
0.0021266389958327636 
0.0020820058562094346 
0.002053973643342033 
0.002053411357337609 
0.0022788485803175718 
0.0022610021114815027 
0.002130302382283844 
0.0021240848436718807 
0.002221242102677934 
0.0021333891345420852 
0.0020837232150370255 
0.002026290327194147 
0.0022736685205018148 
0.0023459075309801847 
0.0021136581781320274 
0.002236476037069224 
0.002010961587075144 
0.002110041183186695 
0.0022684901778120548 
0.0021526074269786477 
0.0021200720075285062 
0.0021907698683207855 
0.002050828901701607 
0.0021673209994332865 
0.0021924198808846995 
0.002188591635785997 
0.002426787483273074 
0.002301615721080452 
0.002162858974770643 
0.002214932086644694 
0.0021136657742317766 
0.0021180809126235545 
0.002131436369381845 
0.002218899258878082 
0.0022506882523884997 
0.002053980395430699 
0.002313474251423031 
0.002127688145264983 
0.0019826819479931146 
0.002415276743704453 
0.0021511550585273653 
0.0021220732596702874 
0.0021512327366508543 
0.0022239448444452137 
0.0020496741781244054 
0.0020294607238611206 
0.0021273096062941477 
0.0020709336240543053 
0.002044046515948139 
0.0021946449269307777 
0.0021614571451209486 
0.0020871302986051887 
0.0021312484750524163 
0.0022286293824436143 
0.0026195142563665286 
0.002190776460338384 
0.0022246951702982187 
0.0020912363106617704 
0.002210138729424216 
0.0021144193306099623 
0.0020277242438169196 
0.0022621771204285324 
0.0020173216616967693 
0.0021913864329690114 
0.002160704490961507 
0.0020214714168105274 
0.0022819492733106017 
0.002075623910059221 
0.0021163614001125097 
0.0022291990171652287 
0.0021532612590817735 
0.002077624754747376 
0.0020485104323597625 
0.0020717258303193375 
0.002039661936578341 
0.0020459938677959144 
0.002315804158570245 
0.0020672747341450304 
0.0019373714458197355 
0.0021096819400554523 
0.002190312254242599 
0.002105338469846174 
0.0019942477956647053 
0.002015388337895274 
0.002255875355331227 
0.0019677464588312432 
0.00210728777165059 
0.001989159718505107 
0.002204324831836857 
0.0021807274169987068 
0.0021390913461800665 
0.002295858328579925 
0.001965463816304691 
0.002208886930020526 
0.0022026517399353907 
0.0020974507206119597 
0.0020718874293379486 
0.002075822281767614 
0.0019779364520218223 
0.0021279575885273516 
0.002085549378534779 
0.0020642677263822407 
0.002014338955632411 
0.001972668804228306 
0.0020904002885799855 
0.002077702374663204 
0.0021946909255348146 
0.0020632060331990942 
0.0020121572306379676 
0.0021189431863604113 
0.0020348873949842528 
0.0020566794119076803 
0.002170240753912367 
0.0020489575108513236 
0.0020335317676654086 
0.002027155627729371 
0.002070957300020382 
0.0019181967072654516 
0.0020094912906643003 
0.0021806640434078872 
0.0020236513373674825 
0.002130450797267258 
0.0019964742969023064 
0.002110970424837433 
0.002129029482603073 
0.0020762751810252666 
0.002082418111967854 
0.0020649894431699067 
0.002005721049499698 
0.0020311250118538737 
0.0020329870749264956 
0.0021450661442941055 
0.0022937322210054845 
0.0020133536017965525 
0.002014525161939673 
0.0020235662232153118 
0.0020888000581180677 
0.002016731887124479 
0.002038908307440579 
0.0021840271510882303 
0.0020977906679036096 
0.002081944592646323 
0.0020789490663446486 
0.0019714256341103464 
0.0020160946005489677 
0.002123498561559245 
0.0021366833534557372 
0.0020197817648295313 
0.002084601830574684 
0.0020896521164104342 
0.002871839649742469 
0.0020866577106062323 
0.0021192707936279476 
